  0.  1.33333333
  0.00999999978  1.33333333
  0.0199999996  1.33333333
  0.0299999993  1.33333333
  0.0399999991  1.33333333
  0.0499999989  1.33333333
  0.0599999987  1.33333333
  0.0699999984  1.33333333
  0.0799999982  1.33333333
  0.089999998  1.33333333
  0.0999999978  1.33333333
  0.109999998  1.33333333
  0.119999997  1.33333333
  0.129999997  1.33333333
  0.139999997  1.33333333
  0.149999997  1.33333333
  0.159999996  1.33333333
  0.169999996  1.33333333
  0.179999996  1.33333333
  0.189999996  1.33333333
  0.199999996  1.33333333
  0.209999995  1.33333333
  0.219999995  1.33333333
  0.229999995  1.33333333
  0.239999995  1.33333333
  0.249999994  1.33333333
  0.259999994  1.33333333
  0.269999994  1.33333333
  0.279999994  1.33333333
  0.289999994  1.33333333
  0.299999993  1.33333333
  0.309999993  1.33333333
  0.319999993  1.33333333
  0.329999993  1.33333333
  0.339999992  1.33333333
  0.349999992  1.33333333
  0.359999992  1.33333332
  0.369999992  1.33333332
  0.379999992  1.33333332
  0.389999991  1.33333332
  0.399999991  1.33333332
  0.409999991  1.33333332
  0.419999991  1.33333332
  0.42999999  1.33333332
  0.43999999  1.33333332
  0.44999999  1.33333332
  0.45999999  1.33333332
  0.469999989  1.33333332
  0.479999989  1.33333332
  0.489999989  1.33333332
  0.499999989  1.33333332
  0.509999989  1.33333332
  0.519999988  1.33333331
  0.529999988  1.33333331
  0.539999988  1.33333331
  0.549999988  1.33333331
  0.559999987  1.33333331
  0.569999987  1.33333331
  0.579999987  1.33333331
  0.589999987  1.3333333
  0.599999987  1.3333333
  0.609999986  1.3333333
  0.619999986  1.3333333
  0.629999986  1.33333329
  0.639999986  1.33333329
  0.649999985  1.33333329
  0.659999985  1.33333328
  0.669999985  1.33333328
  0.679999985  1.33333327
  0.689999985  1.33333326
  0.699999984  1.33333326
  0.709999984  1.33333325
  0.719999984  1.33333324
  0.729999984  1.33333323
  0.739999983  1.33333322
  0.749999983  1.3333332
  0.759999983  1.33333318
  0.769999983  1.33333316
  0.779999983  1.33333314
  0.789999982  1.33333311
  0.799999982  1.33333307
  0.809999982  1.33333303
  0.819999982  1.33333298
  0.829999981  1.33333291
  0.839999981  1.33333282
  0.849999981  1.33333271
  0.859999981  1.33333256
  0.869999981  1.33333236
  0.87999998  1.33333209
  0.88999998  1.3333317
  0.89999998  1.33333112
  0.90999998  1.33333021
  0.919999979  1.33332871
  0.929999979  1.33332598
  0.939999979  1.33332042
  0.949999979  1.33330796
  0.959999979  1.33328064
  0.969999978  1.33324623
  0.979999978  1.33340772
  0.989999978  1.33443046
  0.999999978  1.32809739
  1.00999998  1.29519449
  1.01999998  1.25651875
  1.02999998  1.220109
  1.03999998  1.1852765
  1.04999998  1.15175746
  1.05999998  1.11947897
  1.06999998  1.08838958
  1.07999998  1.05843828
  1.08999998  1.02957484
  1.09999998  1.00175087
  1.10999998  0.974920238
  1.11999997  0.949039128
  1.12999997  0.92406596
  1.13999997  0.899961301
  1.14999997  0.876687738
  1.15999997  0.854209772
  1.16999997  0.832493702
  1.17999997  0.811507525
  1.18999997  0.791220833
  1.19999997  0.771604729
  1.20999997  0.752631732
  1.21999997  0.734275704
  1.22999997  0.716511769
  1.23999997  0.699316245
  1.24999997  0.68266658
  1.25999997  0.666541284
  1.26999997  0.650919876
  1.27999997  0.635782826
  1.28999997  0.621111508
  1.29999997  0.606888145
  1.30999997  0.593095772
  1.31999997  0.579718187
  1.32999997  0.566739913
  1.33999997  0.554146162
  1.34999997  0.541922798
  1.35999997  0.530056305
  1.36999997  0.518533752
  1.37999997  0.507342768
  1.38999997  0.496471514
  1.39999997  0.48590865
  1.40999997  0.475643319
  1.41999997  0.465665118
  1.42999997  0.455964077
  1.43999997  0.446530641
  1.44999997  0.437355645
  1.45999997  0.428430299
  1.46999997  0.419746169
  1.47999997  0.411295161
  1.48999997  0.403069505
  1.49999997  0.395061738
  1.50999997  0.387264695
  1.51999997  0.379671489
  1.52999997  0.372275501
  1.53999997  0.365070371
  1.54999997  0.358049982
  1.55999997  0.35120845
  1.56999996  0.344540115
  1.57999996  0.338039532
  1.58999996  0.331701457
  1.59999996  0.325520846
  1.60999996  0.319492837
  1.61999996  0.31361275
  1.62999996  0.307876075
  1.63999996  0.302278466
  1.64999996  0.296815736
  1.65999996  0.291483846
  1.66999996  0.286278901
  1.67999996  0.281197147
  1.68999996  0.27623496
  1.69999996  0.271388845
  1.70999996  0.266655426
  1.71999996  0.262031447
  1.72999996  0.257513764
  1.73999996  0.25309934
  1.74999996  0.24878524
  1.75999996  0.244568632
  1.76999996  0.240446776
  1.77999996  0.236417026
  1.78999996  0.232476825
  1.79999996  0.228623697
  1.80999996  0.224855251
  1.81999996  0.221169173
  1.82999996  0.217563226
  1.83999996  0.214035243
  1.84999996  0.210583129
  1.85999996  0.207204855
  1.86999996  0.203898457
  1.87999996  0.200662035
  1.88999996  0.197493746
  1.89999996  0.194391807
  1.90999996  0.19135449
  1.91999996  0.188380122
  1.92999996  0.185467079
  1.93999996  0.18261379
  1.94999996  0.17981873
  1.95999996  0.177080421
  1.96999996  0.17439743
  1.97999996  0.171768368
  1.98999996  0.169191886
  1.99999996  0.166666676
  2.00999996  0.164191469
  2.01999995  0.161765034
  2.02999995  0.159386174
  2.03999995  0.157053731
  2.04999995  0.154766577
  2.05999995  0.152523618
  2.06999995  0.150323793
  2.07999995  0.148166068
  2.08999995  0.146049442
  2.09999995  0.143972941
  2.10999995  0.141935619
  2.11999995  0.139936555
  2.12999995  0.137974856
  2.13999995  0.136049654
  2.14999995  0.134160103
  2.15999995  0.132305381
  2.16999995  0.13048469
  2.17999995  0.128697254
  2.18999995  0.126942316
  2.19999995  0.125219141
  2.20999995  0.123527013
  2.21999995  0.121865237
  2.22999995  0.120233135
  2.23999995  0.118630048
  2.24999995  0.117055334
  2.25999995  0.115508367
  2.26999995  0.11398854
  2.27999995  0.112495259
  2.28999995  0.111027948
  2.29999995  0.109586045
  2.30999995  0.108169002
  2.31999995  0.106776285
  2.32999995  0.105407375
  2.33999995  0.104061765
  2.34999995  0.102738962
  2.35999995  0.101438485
  2.36999995  0.100159864
  2.37999995  0.0989026415
  2.38999995  0.0976663729
  2.39999995  0.096450623
  2.40999995  0.0952549678
  2.41999995  0.0940789939
  2.42999995  0.092922298
  2.43999995  0.0917844867
  2.44999995  0.0906651761
  2.45999995  0.0895639917
  2.46999994  0.0884805681
  2.47999994  0.0874145487
  2.48999994  0.0863655854
  2.49999994  0.0853333384
  2.50999994  0.0843174761
  2.51999994  0.0833176746
  2.52999994  0.0823336178
  2.53999994  0.081364997
  2.54999994  0.0804115107
  2.55999994  0.0794728644
  2.56999994  0.0785487707
  2.57999994  0.0776389485
  2.58999994  0.0767431233
  2.59999994  0.0758610272
  2.60999994  0.0749923979
  2.61999994  0.0741369796
  2.62999994  0.0732945221
  2.63999994  0.0724647807
  2.64999994  0.0716475165
  2.65999994  0.0708424958
  2.66999994  0.0700494902
  2.67999994  0.0692682763
  2.68999994  0.0684986359
  2.69999994  0.0677403553
  2.70999994  0.0669932258
  2.71999994  0.0662570432
  2.72999994  0.0655316076
  2.73999994  0.0648167236
  2.74999994  0.0641122002
  2.75999994  0.0634178503
  2.76999994  0.062733491
  2.77999994  0.0620589431
  2.78999994  0.0613940316
  2.79999994  0.0607385848
  2.80999994  0.0600924351
  2.81999994  0.0594554182
  2.82999994  0.0588273732
  2.83999994  0.0582081428
  2.84999994  0.0575975729
  2.85999994  0.0569955126
  2.86999994  0.0564018141
  2.87999994  0.0558163328
  2.88999994  0.0552389271
  2.89999994  0.0546694581
  2.90999993  0.05410779
  2.91999993  0.0535537897
  2.92999993  0.0530073267
  2.93999993  0.0524682733
  2.94999993  0.0519365043
  2.95999993  0.0514118971
  2.96999993  0.0508943316
  2.97999993  0.05038369
  2.98999993  0.0498798568
  2.99999993  0.0493827191
  3.00999993  0.0488921659
  3.01999993  0.0484080886
  3.02999993  0.0479303806
  3.03999993  0.0474589376
  3.04999993  0.0469936573
  3.05999993  0.0465344391
  3.06999993  0.0460811848
  3.07999993  0.0456337978
  3.08999993  0.0451921835
  3.09999993  0.044756249
  3.10999993  0.0443259035
  3.11999993  0.0439010575
  3.12999993  0.0434816234
  3.13999993  0.0430675155
  3.14999993  0.0426586495
  3.15999993  0.0422549425
  3.16999993  0.0418563137
  3.17999993  0.0414626832
  3.18999993  0.0410739731
  3.19999993  0.0406901067
  3.20999993  0.0403110088
  3.21999993  0.0399366055
  3.22999993  0.0395668245
  3.23999993  0.0392015946
  3.24999993  0.038840846
  3.25999993  0.0384845102
  3.26999993  0.0381325199
  3.27999993  0.0377848091
  3.28999993  0.0374413129
  3.29999993  0.0371019678
  3.30999993  0.0367667111
  3.31999993  0.0364354814
  3.32999993  0.0361082186
  3.33999993  0.0357848633
  3.34999993  0.0354653575
  3.35999992  0.035149644
  3.36999992  0.0348376668
  3.37999992  0.0345293706
  3.38999992  0.0342247015
  3.39999992  0.0339236061
  3.40999992  0.0336260324
  3.41999992  0.0333319288
  3.42999992  0.033041245
  3.43999992  0.0327539315
  3.44999992  0.0324699394
  3.45999992  0.032189221
  3.46999992  0.0319117293
  3.47999992  0.0316374179
  3.48999992  0.0313662416
  3.49999992  0.0310981555
  3.50999992  0.0308331158
  3.51999992  0.0305710794
  3.52999992  0.0303120039
  3.53999992  0.0300558474
  3.54999992  0.0298025692
  3.55999992  0.0295521287
  3.56999992  0.0293044865
  3.57999992  0.0290596035
  3.58999992  0.0288174413
  3.59999992  0.0285779625
  3.60999992  0.0283411297
  3.61999992  0.0281069067
  3.62999992  0.0278752575
  3.63999992  0.027646147
  3.64999992  0.0274195404
  3.65999992  0.0271954035
  3.66999992  0.026973703
  3.67999992  0.0267544057
  3.68999992  0.0265374791
  3.69999992  0.0263228914
  3.70999992  0.026110611
  3.71999992  0.0259006071
  3.72999992  0.0256928492
  3.73999992  0.0254873074
  3.74999992  0.0252839522
  3.75999992  0.0250827546
  3.76999992  0.024883686
  3.77999992  0.0246867185
  3.78999992  0.0244918242
  3.79999992  0.0242989761
  3.80999991  0.0241081473
  3.81999991  0.0239193115
  3.82999991  0.0237324427
  3.83999991  0.0235475155
  3.84999991  0.0233645045
  3.85999991  0.0231833851
  3.86999991  0.0230041329
  3.87999991  0.022826724
  3.88999991  0.0226511345
  3.89999991  0.0224773414
  3.90999991  0.0223053217
  3.91999991  0.0221350528
  3.92999991  0.0219665125
  3.93999991  0.021799679
  3.94999991  0.0216345306
  3.95999991  0.0214710462
  3.96999991  0.0213092048
  3.97999991  0.0211489859
  3.98999991  0.0209903692
  3.99999991  0.0208333346
  4.00999991  0.0206778626
  4.01999991  0.0205239338
  4.02999991  0.0203715289
  4.03999991  0.0202206293
  4.04999991  0.0200712164
  4.05999991  0.019923272
  4.06999991  0.0197767779
  4.07999991  0.0196317165
  4.08999991  0.0194880704
  4.09999991  0.0193458223
  4.10999991  0.0192049552
  4.11999991  0.0190654524
  4.12999991  0.0189272975
  4.13999991  0.0187904742
  4.14999991  0.0186549665
  4.15999991  0.0185207586
  4.16999991  0.018387835
  4.17999991  0.0182561804
  4.18999991  0.0181257796
  4.19999991  0.0179966178
  4.20999991  0.0178686802
  4.21999991  0.0177419525
  4.22999991  0.0176164202
  4.23999991  0.0174920695
  4.24999991  0.0173688864
  4.2599999  0.0172468572
  4.2699999  0.0171259684
  4.2799999  0.0170062068
  4.2899999  0.0168875593
  4.2999999  0.0167700129
  4.3099999  0.0166535549
  4.3199999  0.0165381727
  4.3299999  0.016423854
  4.3399999  0.0163105864
  4.3499999  0.016198358
  4.3599999  0.0160871568
  4.3699999  0.0159769712
  4.3799999  0.0158677896
  4.3899999  0.0157596005
  4.3999999  0.0156523927
  4.4099999  0.0155461551
  4.4199999  0.0154408767
  4.4299999  0.0153365468
  4.4399999  0.0152331547
  4.4499999  0.0151306899
  4.4599999  0.015029142
  4.4699999  0.0149285008
  4.4799999  0.0148287561
  4.4899999  0.014729898
  4.4999999  0.0146319168
  4.5099999  0.0145348026
  4.5199999  0.014438546
  4.5299999  0.0143431374
  4.5399999  0.0142485675
  4.5499999  0.0141548273
  4.5599999  0.0140619075
  4.5699999  0.0139697992
  4.5799999  0.0138784936
  4.5899999  0.013787982
  4.5999999  0.0136982557
  4.6099999  0.0136093063
  4.6199999  0.0135211253
  4.6299999  0.0134337045
  4.6399999  0.0133470357
  4.6499999  0.0132611108
  4.6599999  0.013175922
  4.6699999  0.0130914612
  4.6799999  0.0130077207
  4.6899999  0.012924693
  4.69999989  0.0128423704
  4.70999989  0.0127607454
  4.71999989  0.0126798106
  4.72999989  0.0125995589
  4.73999989  0.012519983
  4.74999989  0.0124410758
  4.75999989  0.0123628302
  4.76999989  0.0122852395
  4.77999989  0.0122082967
  4.78999989  0.012131995
  4.79999989  0.0120563279
  4.80999989  0.0119812888
  4.81999989  0.011906871
  4.82999989  0.0118330683
  4.83999989  0.0117598743
  4.84999989  0.0116872827
  4.85999989  0.0116152873
  4.86999989  0.011543882
  4.87999989  0.0114730609
  4.88999989  0.0114028178
  4.89999989  0.0113331471
  4.90999989  0.0112640427
  4.91999989  0.011195499
  4.92999989  0.0111275103
  4.93999989  0.0110600711
  4.94999989  0.0109931757
  4.95999989  0.0109268186
  4.96999989  0.0108609946
  4.97999989  0.0107956982
  4.98999989  0.0107309242
  4.99999989  0.0106666673
  5.00999989  0.0106029225
  5.01999989  0.0105396845
  5.02999989  0.0104769485
  5.03999989  0.0104147094
  5.04999989  0.0103529622
  5.05999989  0.0102917023
  5.06999989  0.0102309246
  5.07999989  0.0101706247
  5.08999989  0.0101107976
  5.09999989  0.0100514389
  5.10999989  0.00999254387
  5.11999989  0.00993410809
  5.12999989  0.00987612706
  5.13999989  0.00981859637
  5.14999988  0.00976151165
  5.15999988  0.00970486859
  5.16999988  0.00964866293
  5.17999988  0.00959289045
  5.18999988  0.00953754699
  5.19999988  0.00948262843
  5.20999988  0.00942813069
  5.21999988  0.00937404977
  5.22999988  0.00932038168
  5.23999988  0.00926712248
  5.24999988  0.0092142683
  5.25999988  0.00916181529
  5.26999988  0.00910975964
  5.27999988  0.00905809761
  5.28999988  0.00900682548
  5.29999988  0.00895593959
  5.30999988  0.00890543629
  5.31999988  0.008855312
  5.32999988  0.00880556317
  5.33999988  0.0087561863
  5.34999988  0.0087071779
  5.35999988  0.00865853457
  5.36999988  0.00861025289
  5.37999988  0.00856232951
  5.38999988  0.00851476112
  5.39999988  0.00846754444
  5.40999988  0.00842067622
  5.41999988  0.00837415325
  5.42999988  0.00832797236
  5.43999988  0.00828213042
  5.44999988  0.00823662431
  5.45999988  0.00819145097
  5.46999988  0.00814660736
  5.47999988  0.00810209048
  5.48999988  0.00805789735
  5.49999988  0.00801402505
  5.50999988  0.00797047066
  5.51999988  0.00792723131
  5.52999988  0.00788430416
  5.53999988  0.00784168639
  5.54999988  0.00779937523
  5.55999988  0.00775736791
  5.56999988  0.00771566172
  5.57999988  0.00767425397
  5.58999988  0.00763314198
  5.59999987  0.00759232312
  5.60999987  0.0075517948
  5.61999987  0.00751155441
  5.62999987  0.00747159942
  5.63999987  0.00743192729
  5.64999987  0.00739253553
  5.65999987  0.00735342167
  5.66999987  0.00731458326
  5.67999987  0.00727601787
  5.68999987  0.00723772312
  5.69999987  0.00719969663
  5.70999987  0.00716193606
  5.71999987  0.00712443909
  5.72999987  0.00708720342
  5.73999987  0.00705022678
  5.74999987  0.00701350692
  5.75999987  0.00697704162
  5.76999987  0.00694082868
  5.77999987  0.00690486591
  5.78999987  0.00686915115
  5.79999987  0.00683368228
  5.80999987  0.00679845719
  5.81999987  0.00676347377
  5.82999987  0.00672872997
  5.83999987  0.00669422373
  5.84999987  0.00665995302
  5.85999987  0.00662591585
  5.86999987  0.00659211022
  5.87999987  0.00655853418
  5.88999987  0.00652518576
  5.89999987  0.00649206305
  5.90999987  0.00645916415
  5.91999987  0.00642648716
  5.92999987  0.00639403021
  5.93999987  0.00636179147
  5.94999987  0.00632976909
  5.95999987  0.00629796126
  5.96999987  0.0062663662
  5.97999987  0.00623498212
  5.98999987  0.00620380726
  5.99999987  0.0061728399
  6.00999987  0.00614207829
  6.01999987  0.00611152075
  6.02999987  0.00608116557
  6.03999986  0.00605101108
  6.04999986  0.00602105564
  6.05999986  0.00599129759
  6.06999986  0.00596173532
  6.07999986  0.00593236722
  6.08999986  0.00590319169
  6.09999986  0.00587420717
  6.10999986  0.00584541209
  6.11999986  0.0058168049
  6.12999986  0.00578838408
  6.13999986  0.00576014811
  6.14999986  0.00573209549
  6.15999986  0.00570422474
  6.16999986  0.00567653437
  6.17999986  0.00564902295
  6.18999986  0.00562168901
  6.19999986  0.00559453114
  6.20999986  0.00556754792
  6.21999986  0.00554073794
  6.22999986  0.00551409983
  6.23999986  0.00548763219
  6.24999986  0.00546133368
  6.25999986  0.00543520294
  6.26999986  0.00540923864
  6.27999986  0.00538343945
  6.28999986  0.00535780407
  6.29999986  0.00533233119
  6.30999986  0.00530701954
  6.31999986  0.00528186783
  6.32999986  0.0052568748
  6.33999986  0.00523203922
  6.34999986  0.00520735983
  6.35999986  0.00518283541
  6.36999986  0.00515846475
  6.37999986  0.00513424665
  6.38999986  0.0051101799
  6.39999986  0.00508626334
  6.40999986  0.0050624958
  6.41999986  0.0050388761
  6.42999986  0.00501540312
  6.43999986  0.0049920757
  6.44999986  0.00496889272
  6.45999986  0.00494585307
  6.46999986  0.00492295564
  6.47999986  0.00490019933
  6.48999985  0.00487758306
  6.49999985  0.00485510576
  6.50999985  0.00483276635
  6.51999985  0.00481056378
  6.52999985  0.00478849701
  6.53999985  0.00476656499
  6.54999985  0.00474476671
  6.55999985  0.00472310115
  6.56999985  0.00470156728
  6.57999985  0.00468016413
  6.58999985  0.00465889069
  6.59999985  0.00463774598
  6.60999985  0.00461672904
  6.61999985  0.00459583889
  6.62999985  0.00457507459
  6.63999985  0.00455443519
  6.64999985  0.00453391974
  6.65999985  0.00451352733
  6.66999985  0.00449325703
  6.67999985  0.00447310793
  6.68999985  0.00445307911
  6.69999985  0.0044331697
  6.70999985  0.00441337879
  6.71999985  0.00439370551
  6.72999985  0.00437414899
  6.73999985  0.00435470836
  6.74999985  0.00433538275
  6.75999985  0.00431617134
  6.76999985  0.00429707326
  6.77999985  0.00427808769
  6.78999985  0.0042592138
  6.79999985  0.00424045078
  6.80999985  0.00422179779
  6.81999985  0.00420325405
  6.82999985  0.00418481875
  6.83999985  0.00416649111
  6.84999985  0.00414827033
  6.85999985  0.00413015563
  6.86999985  0.00411214626
  6.87999985  0.00409424144
  6.88999985  0.00407644041
  6.89999985  0.00405874243
  6.90999985  0.00404114675
  6.91999985  0.00402365264
  6.92999985  0.00400625935
  6.93999984  0.00398896617
  6.94999984  0.00397177237
  6.95999984  0.00395467725
  6.96999984  0.00393768009
  6.97999984  0.0039207802
  6.98999984  0.00390397688
  6.99999984  0.00388726944
  7.00999984  0.0038706572
  7.01999984  0.00385413948
  7.02999984  0.00383771561
  7.03999984  0.00382138493
  7.04999984  0.00380514677
  7.05999984  0.00378900049
  7.06999984  0.00377294542
  7.07999984  0.00375698093
  7.08999984  0.00374110639
  7.09999984  0.00372532115
  7.10999984  0.00370962459
  7.11999984  0.00369401609
  7.12999984  0.00367849504
  7.13999984  0.00366306081
  7.14999984  0.00364771281
  7.15999984  0.00363245044
  7.16999984  0.00361727309
  7.17999984  0.00360218017
  7.18999984  0.00358717111
  7.19999984  0.00357224531
  7.20999984  0.00355740221
  7.21999984  0.00354264122
  7.22999984  0.00352796179
  7.23999984  0.00351336334
  7.24999984  0.00349884533
  7.25999984  0.0034844072
  7.26999984  0.00347004839
  7.27999984  0.00345576838
  7.28999984  0.00344156661
  7.29999984  0.00342744255
  7.30999984  0.00341339567
  7.31999984  0.00339942545
  7.32999984  0.00338553135
  7.33999984  0.00337171288
  7.34999984  0.0033579695
  7.35999984  0.00334430071
  7.36999984  0.00333070601
  7.37999984  0.00331718489
  7.38999983  0.00330373686
  7.39999983  0.00329036143
  7.40999983  0.00327705809
  7.41999983  0.00326382638
  7.42999983  0.00325066581
  7.43999983  0.00323757589
  7.44999983  0.00322455617
  7.45999983  0.00321160616
  7.46999983  0.0031987254
  7.47999983  0.00318591343
  7.48999983  0.00317316979
  7.49999983  0.00316049403
  7.50999983  0.00314788569
  7.51999983  0.00313534433
  7.52999983  0.0031228695
  7.53999983  0.00311046076
  7.54999983  0.00309811767
  7.55999983  0.00308583981
  7.56999983  0.00307362674
  7.57999983  0.00306147803
  7.58999983  0.00304939326
  7.59999983  0.00303737202
  7.60999983  0.00302541387
  7.61999983  0.00301351842
  7.62999983  0.00300168524
  7.63999983  0.00298991394
  7.64999983  0.00297820411
  7.65999983  0.00296655535
  7.66999983  0.00295496725
  7.67999983  0.00294343944
  7.68999983  0.0029319715
  7.69999983  0.00292056307
  7.70999983  0.00290921374
  7.71999983  0.00289792314
  7.72999983  0.0028866909
  7.73999983  0.00287551662
  7.74999983  0.00286439995
  7.75999983  0.0028533405
  7.76999983  0.00284233791
  7.77999983  0.00283139182
  7.78999983  0.00282050187
  7.79999983  0.00280966768
  7.80999983  0.00279888892
  7.81999983  0.00278816522
  7.82999982  0.00277749623
  7.83999982  0.00276688161
  7.84999982  0.002756321
  7.85999982  0.00274581407
  7.86999982  0.00273536047
  7.87999982  0.00272495988
  7.88999982  0.00271461194
  7.89999982  0.00270431633
  7.90999982  0.00269407272
  7.91999982  0.00268388078
  7.92999982  0.00267374018
  7.93999982  0.0026636506
  7.94999982  0.00265361173
  7.95999982  0.00264362324
  7.96999982  0.00263368482
  7.97999982  0.00262379615
  7.98999982  0.00261395692
  7.99999982  0.00260416683
  8.00999982  0.00259442557
  8.01999982  0.00258473283
  8.02999982  0.00257508832
  8.03999982  0.00256549172
  8.04999982  0.00255594276
  8.05999982  0.00254644112
  8.06999982  0.00253698652
  8.07999982  0.00252757867
  8.08999982  0.00251821728
  8.09999982  0.00250890206
  8.10999982  0.00249963272
  8.11999982  0.002490409
  8.12999982  0.00248123059
  8.13999982  0.00247209724
  8.14999982  0.00246300866
  8.15999982  0.00245396457
  8.16999982  0.00244496471
  8.17999982  0.0024360088
  8.18999982  0.00242709658
  8.19999982  0.00241822779
  8.20999982  0.00240940215
  8.21999982  0.0024006194
  8.22999982  0.00239187929
  8.23999982  0.00238318156
  8.24999982  0.00237452594
  8.25999982  0.00236591219
  8.26999982  0.00235734006
  8.27999981  0.00234880928
  8.28999981  0.00234031962
  8.29999981  0.00233187082
  8.30999981  0.00232346264
  8.31999981  0.00231509483
  8.32999981  0.00230676716
  8.33999981  0.00229847938
  8.34999981  0.00229023126
  8.35999981  0.00228202255
  8.36999981  0.00227385303
  8.37999981  0.00226572245
  8.38999981  0.00225763059
  8.39999981  0.00224957722
  8.40999981  0.00224156211
  8.41999981  0.00223358503
  8.42999981  0.00222564575
  8.43999981  0.00221774406
  8.44999981  0.00220987973
  8.45999981  0.00220205253
  8.46999981  0.00219426226
  8.47999981  0.00218650869
  8.48999981  0.00217879161
  8.49999981  0.0021711108
  8.50999981  0.00216346605
  8.51999981  0.00215585715
  8.52999981  0.00214828389
  8.53999981  0.00214074605
  8.54999981  0.00213324345
  8.55999981  0.00212577586
  8.56999981  0.00211834308
  8.57999981  0.00211094492
  8.58999981  0.00210358116
  8.59999981  0.00209625162
  8.60999981  0.00208895608
  8.61999981  0.00208169437
  8.62999981  0.00207446627
  8.63999981  0.00206727159
  8.64999981  0.00206011015
  8.65999981  0.00205298175
  8.66999981  0.0020458862
  8.67999981  0.0020388233
  8.68999981  0.00203179288
  8.69999981  0.00202479475
  8.70999981  0.00201782872
  8.71999981  0.00201089461
  8.7299998  0.00200399223
  8.7399998  0.0019971214
  8.7499998  0.00199028195
  8.7599998  0.0019834737
  8.7699998  0.00197669646
  8.7799998  0.00196995006
  8.7899998  0.00196323433
  8.7999998  0.00195654909
  8.8099998  0.00194989416
  8.8199998  0.00194326939
  8.8299998  0.00193667459
  8.8399998  0.00193010959
  8.8499998  0.00192357424
  8.8599998  0.00191706836
  8.8699998  0.00191059178
  8.8799998  0.00190414434
  8.8899998  0.00189772588
  8.8999998  0.00189133624
  8.9099998  0.00188497525
  8.9199998  0.00187864275
  8.9299998  0.00187233859
  8.9399998  0.0018660626
  8.9499998  0.00185981462
  8.9599998  0.00185359451
  8.9699998  0.00184740211
  8.9799998  0.00184123726
  8.9899998  0.00183509981
  8.9999998  0.0018289896
  9.0099998  0.00182290649
  9.0199998  0.00181685033
  9.0299998  0.00181082096
  9.0399998  0.00180481825
  9.0499998  0.00179884203
  9.0599998  0.00179289217
  9.0699998  0.00178696853
  9.0799998  0.00178107094
  9.0899998  0.00177519929
  9.0999998  0.00176935341
  9.1099998  0.00176353317
  9.1199998  0.00175773844
  9.1299998  0.00175196906
  9.1399998  0.0017462249
  9.1499998  0.00174050583
  9.1599998  0.0017348117
  9.1699998  0.00172914239
  9.17999979  0.00172349775
  9.18999979  0.00171787765
  9.19999979  0.00171228196
  9.20999979  0.00170671055
  9.21999979  0.00170116329
  9.22999979  0.00169564003
  9.23999979  0.00169014066
  9.24999979  0.00168466505
  9.25999979  0.00167921306
  9.26999979  0.00167378458
  9.27999979  0.00166837946
  9.28999979  0.0016629976
  9.29999979  0.00165763886
  9.30999979  0.00165230311
  9.31999979  0.00164699025
  9.32999979  0.00164170013
  9.33999979  0.00163643265
  9.34999979  0.00163118768
  9.35999979  0.00162596509
  9.36999979  0.00162076478
  9.37999979  0.00161558663
  9.38999979  0.0016104305
  9.39999979  0.0016052963
  9.40999979  0.00160018389
  9.41999979  0.00159509317
  9.42999979  0.00159002402
  9.43999979  0.00158497633
  9.44999979  0.00157994998
  9.45999979  0.00157494487
  9.46999979  0.00156996087
  9.47999979  0.00156499788
  9.48999979  0.00156005578
  9.49999979  0.00155513447
  9.50999979  0.00155023384
  9.51999979  0.00154535378
  9.52999979  0.00154049418
  9.53999979  0.00153565494
  9.54999979  0.00153083594
  9.55999979  0.00152603708
  9.56999979  0.00152125827
  9.57999979  0.00151649938
  9.58999979  0.00151176032
  9.59999979  0.00150704099
  9.60999979  0.00150234128
  9.61999978  0.0014976611
  9.62999978  0.00149300033
  9.63999978  0.00148835888
  9.64999978  0.00148373665
  9.65999978  0.00147913354
  9.66999978  0.00147454945
  9.67999978  0.00146998429
  9.68999978  0.00146543795
  9.69999978  0.00146091034
  9.70999978  0.00145640136
  9.71999978  0.00145191091
  9.72999978  0.00144743891
  9.73999978  0.00144298526
  9.74999978  0.00143854985
  9.75999978  0.00143413261
  9.76999978  0.00142973343
  9.77999978  0.00142535223
  9.78999978  0.00142098891
  9.79999978  0.00141664338
  9.80999978  0.00141231555
  9.81999978  0.00140800534
  9.82999978  0.00140371264
  9.83999978  0.00139943738
  9.84999978  0.00139517946
  9.85999978  0.00139093879
  9.86999978  0.0013867153
  9.87999978  0.00138250888
  9.88999978  0.00137831947
  9.89999978  0.00137414696
  9.90999978  0.00136999127
  9.91999978  0.00136585233
  9.92999978  0.00136173004
  9.93999978  0.00135762433
  9.94999978  0.0013535351
  9.95999978  0.00134946228
  9.96999978  0.00134540578
  9.97999978  0.00134136553
  9.98999978  0.00133734143
  9.99999978  0.00133333342
