  0.  1.3333331
  0.00999999978  1.33333382
  0.0199999996  1.33333322
  0.0299999993  1.33333346
  0.0399999991  1.33333358
  0.0499999989  1.33333322
  0.0599999987  1.33333334
  0.0699999984  1.33333322
  0.0799999982  1.33333358
  0.089999998  1.33333358
  0.0999999978  1.33333334
  0.109999998  1.33333298
  0.119999997  1.33333298
  0.129999997  1.33333322
  0.139999997  1.33333298
  0.149999997  1.33333298
  0.159999996  1.33333358
  0.169999996  1.33333334
  0.179999996  1.33333346
  0.189999996  1.33333322
  0.199999996  1.3333337
  0.209999995  1.33333334
  0.219999995  1.33333358
  0.229999995  1.33333298
  0.239999995  1.33333322
  0.249999994  1.3333337
  0.259999994  1.33333322
  0.269999994  1.33333382
  0.279999994  1.3333331
  0.289999994  1.33333358
  0.299999993  1.33333334
  0.309999993  1.3333331
  0.319999993  1.3333331
  0.329999993  1.33333322
  0.339999992  1.3333331
  0.349999992  1.33333346
  0.359999992  1.33333358
  0.369999992  1.33333334
  0.379999992  1.33333334
  0.389999991  1.33333287
  0.399999991  1.33333358
  0.409999991  1.3333331
  0.419999991  1.33333346
  0.42999999  1.3333331
  0.43999999  1.33333346
  0.44999999  1.33333358
  0.45999999  1.33333358
  0.469999989  1.33333334
  0.479999989  1.33333358
  0.489999989  1.33333322
  0.499999989  1.33333334
  0.509999989  1.33333358
  0.519999988  1.33333346
  0.529999988  1.33333334
  0.539999988  1.33333346
  0.549999988  1.33333346
  0.559999987  1.33333358
  0.569999987  1.33333346
  0.579999987  1.33333358
  0.589999987  1.33333382
  0.599999987  1.33333334
  0.609999986  1.3333337
  0.619999986  1.33333358
  0.629999986  1.33333322
  0.639999986  1.33333346
  0.649999985  1.33333322
  0.659999985  1.33333334
  0.669999985  1.33333346
  0.679999985  1.33333394
  0.689999985  1.33333358
  0.699999984  1.33333382
  0.709999984  1.33333358
  0.719999984  1.33333382
  0.729999984  1.3333337
  0.739999983  1.33333442
  0.749999983  1.33333406
  0.759999983  1.33333382
  0.769999983  1.33333406
  0.779999983  1.33333358
  0.789999982  1.33333454
  0.799999982  1.33333394
  0.809999982  1.33333406
  0.819999982  1.33333454
  0.829999981  1.3333349
  0.839999981  1.33333538
  0.849999981  1.33333598
  0.859999981  1.3333367
  0.869999981  1.3333373
  0.87999998  1.33333766
  0.88999998  1.3333397
  0.89999998  1.33334197
  0.90999998  1.33334533
  0.919999979  1.3333512
  0.929999979  1.33336127
  0.939999979  1.33338188
  0.949999979  1.3334273
  0.959999979  1.33352701
  0.969999978  1.33369239
  0.979999978  1.33349789
  0.989999978  1.33034867
  0.999999978  1.31762514
  1.00999998  1.2911593
  1.01999998  1.25654982
  1.02999998  1.22052895
  1.03999998  1.18552147
  1.04999998  1.15187996
  1.05999998  1.11954268
  1.06999998  1.0884266
  1.07999998  1.0584616
  1.08999998  1.02959041
  1.09999998  1.0017619
  1.10999998  0.97492856
  1.11999997  0.949045331
  1.12999997  0.924070866
  1.13999997  0.899965256
  1.14999997  0.876690753
  1.15999997  0.854212542
  1.16999997  0.832495808
  1.17999997  0.811509453
  1.18999997  0.791222497
  1.19999997  0.771605878
  1.20999997  0.752632873
  1.21999997  0.734276636
  1.22999997  0.716512659
  1.23999997  0.699317154
  1.24999997  0.68266735
  1.25999997  0.666541677
  1.26999997  0.650920479
  1.27999997  0.635783085
  1.28999997  0.621111817
  1.29999997  0.60688852
  1.30999997  0.593096055
  1.31999997  0.579718544
  1.32999997  0.566740347
  1.33999997  0.554146125
  1.34999997  0.541923055
  1.35999997  0.530056815
  1.36999997  0.518533982
  1.37999997  0.507342993
  1.38999997  0.496471714
  1.39999997  0.485908728
  1.40999997  0.47564334
  1.41999997  0.465665335
  1.42999997  0.455964105
  1.43999997  0.446530752
  1.44999997  0.437355629
  1.45999997  0.428430318
  1.46999997  0.419746159
  1.47999997  0.411295273
  1.48999997  0.403069631
  1.49999997  0.395061951
  1.50999997  0.387264805
  1.51999997  0.3796716
  1.52999997  0.372275626
  1.53999997  0.36507047
  1.54999997  0.358049961
  1.55999997  0.351208437
  1.56999996  0.344540204
  1.57999996  0.338039541
  1.58999996  0.331701444
  1.59999996  0.32552091
  1.60999996  0.319492994
  1.61999996  0.313612785
  1.62999996  0.307876116
  1.63999996  0.302278554
  1.64999996  0.296815845
  1.65999996  0.291483913
  1.66999996  0.286278865
  1.67999996  0.281197194
  1.68999996  0.276234976
  1.69999996  0.271388915
  1.70999996  0.266655356
  1.71999996  0.262031452
  1.72999996  0.257513849
  1.73999996  0.2530994
  1.74999996  0.248785244
  1.75999996  0.244568594
  1.76999996  0.24044677
  1.77999996  0.236417044
  1.78999996  0.232476826
  1.79999996  0.228623748
  1.80999996  0.224855323
  1.81999996  0.22116917
  1.82999996  0.217563207
  1.83999996  0.214035216
  1.84999996  0.210583055
  1.85999996  0.207204867
  1.86999996  0.203898494
  1.87999996  0.200662004
  1.88999996  0.19749375
  1.89999996  0.194391843
  1.90999996  0.191354516
  1.91999996  0.188380121
  1.92999996  0.185467146
  1.93999996  0.182613851
  1.94999996  0.179818711
  1.95999996  0.17708042
  1.96999996  0.174397467
  1.97999996  0.171768413
  1.98999996  0.169191864
  1.99999996  0.166666668
  2.00999996  0.164191401
  2.01999995  0.16176509
  2.02999995  0.159386221
  2.03999995  0.157053747
  2.04999995  0.154766527
  2.05999995  0.152523575
  2.06999995  0.150323751
  2.07999995  0.148166096
  2.08999995  0.146049472
  2.09999995  0.14397295
  2.10999995  0.141935602
  2.11999995  0.139936558
  2.12999995  0.137974846
  2.13999995  0.136049655
  2.14999995  0.134160117
  2.15999995  0.132305364
  2.16999995  0.13048469
  2.17999995  0.128697243
  2.18999995  0.126942333
  2.19999995  0.125219144
  2.20999995  0.123527024
  2.21999995  0.121865261
  2.22999995  0.120233122
  2.23999995  0.118630082
  2.24999995  0.117055333
  2.25999995  0.115508371
  2.26999995  0.113988524
  2.27999995  0.112495275
  2.28999995  0.111027949
  2.29999995  0.109586067
  2.30999995  0.108169022
  2.31999995  0.106776298
  2.32999995  0.105407377
  2.33999995  0.104061766
  2.34999995  0.102738925
  2.35999995  0.101438494
  2.36999995  0.10015986
  2.37999995  0.0989026773
  2.38999995  0.0976663696
  2.39999995  0.0964506299
  2.40999995  0.0952549488
  2.41999995  0.0940789743
  2.42999995  0.0929223019
  2.43999995  0.0917845196
  2.44999995  0.090665163
  2.45999995  0.0895640075
  2.46999994  0.0884805586
  2.47999994  0.0874145618
  2.48999994  0.0863655601
  2.49999994  0.0853333439
  2.50999994  0.0843174711
  2.51999994  0.0833177096
  2.52999994  0.0823336325
  2.53999994  0.08136497
  2.54999994  0.0804115126
  2.55999994  0.0794728856
  2.56999994  0.0785487596
  2.57999994  0.0776389547
  2.58999994  0.0767431264
  2.59999994  0.07586102
  2.60999994  0.0749923959
  2.61999994  0.0741369919
  2.62999994  0.0732945233
  2.63999994  0.0724647805
  2.64999994  0.0716475163
  2.65999994  0.070842491
  2.66999994  0.0700495098
  2.67999994  0.0692682807
  2.68999994  0.0684986462
  2.69999994  0.0677403669
  2.70999994  0.0669932254
  2.71999994  0.0662570419
  2.72999994  0.0655316218
  2.73999994  0.0648167328
  2.74999994  0.0641122027
  2.75999994  0.0634178517
  2.76999994  0.0627334963
  2.77999994  0.0620589417
  2.78999994  0.0613940345
  2.79999994  0.0607385797
  2.80999994  0.0600924428
  2.81999994  0.0594554325
  2.82999994  0.058827373
  2.83999994  0.0582081444
  2.84999994  0.0575975818
  2.85999994  0.0569955093
  2.86999994  0.0564018296
  2.87999994  0.0558163365
  2.88999994  0.0552389216
  2.89999994  0.0546694537
  2.90999993  0.054107798
  2.91999993  0.0535537935
  2.92999993  0.0530073203
  2.93999993  0.0524682699
  2.94999993  0.0519365074
  2.95999993  0.0514119017
  2.96999993  0.0508943217
  2.97999993  0.0503836926
  2.98999993  0.0498798533
  2.99999993  0.0493827177
  3.00999993  0.0488921734
  3.01999993  0.0484080931
  3.02999993  0.0479303832
  3.03999993  0.0474589425
  3.04999993  0.046993655
  3.05999993  0.0465344307
  3.06999993  0.0460811986
  3.07999993  0.0456337975
  3.08999993  0.04519219
  3.09999993  0.0447562564
  3.10999993  0.0443259029
  3.11999993  0.0439010621
  3.12999993  0.0434816254
  3.13999993  0.0430675106
  3.14999993  0.0426586575
  3.15999993  0.0422549501
  3.16999993  0.0418563174
  3.17999993  0.0414626805
  3.18999993  0.0410739722
  3.19999993  0.0406901137
  3.20999993  0.0403109965
  3.21999993  0.0399366131
  3.22999993  0.0395668136
  3.23999993  0.0392015831
  3.24999993  0.0388408467
  3.25999993  0.0384845182
  3.26999993  0.0381325378
  3.27999993  0.037784808
  3.28999993  0.037441299
  3.29999993  0.0371019731
  3.30999993  0.0367667257
  3.31999993  0.0364354705
  3.32999993  0.036108215
  3.33999993  0.0357848768
  3.34999993  0.0354653549
  3.35999992  0.0351496418
  3.36999992  0.0348376699
  3.37999992  0.0345293832
  3.38999992  0.0342246918
  3.39999992  0.0339235919
  3.40999992  0.0336260423
  3.41999992  0.0333319307
  3.42999992  0.0330412533
  3.43999992  0.0327539278
  3.44999992  0.0324699466
  3.45999992  0.0321892274
  3.46999992  0.0319117439
  3.47999992  0.031637425
  3.48999992  0.0313662426
  3.49999992  0.0310981592
  3.50999992  0.0308331206
  3.51999992  0.0305710892
  3.52999992  0.0303120053
  3.53999992  0.0300558462
  3.54999992  0.0298025709
  3.55999992  0.0295521343
  3.56999992  0.029304484
  3.57999992  0.0290596032
  3.58999992  0.0288174395
  3.59999992  0.0285779647
  3.60999992  0.0283411321
  3.61999992  0.028106906
  3.62999992  0.0278752584
  3.63999992  0.0276461444
  3.64999992  0.0274195452
  3.65999992  0.0271954121
  3.66999992  0.0269737095
  3.67999992  0.0267544132
  3.68999992  0.0265374725
  3.69999992  0.0263228894
  3.70999992  0.0261106113
  3.71999992  0.0259006102
  3.72999992  0.025692845
  3.73999992  0.0254873061
  3.74999992  0.0252839451
  3.75999992  0.025082758
  3.76999992  0.0248836869
  3.77999992  0.0246867131
  3.78999992  0.0244918234
  3.79999992  0.0242989729
  3.80999991  0.0241081503
  3.81999991  0.0239193089
  3.82999991  0.0237324467
  3.83999991  0.0235475189
  3.84999991  0.0233645067
  3.85999991  0.023183382
  3.86999991  0.0230041335
  3.87999991  0.0228267239
  3.88999991  0.0226511363
  3.89999991  0.0224773332
  3.90999991  0.022305324
  3.91999991  0.0221350563
  3.92999991  0.021966515
  3.93999991  0.0217996759
  3.94999991  0.0216345332
  3.95999991  0.0214710459
  3.96999991  0.0213092009
  3.97999991  0.0211489849
  3.98999991  0.020990368
  3.99999991  0.0208333391
  4.00999991  0.0206778607
  4.01999991  0.0205239364
  4.02999991  0.0203715364
  4.03999991  0.0202206325
  4.04999991  0.0200712098
  4.05999991  0.0199232683
  4.06999991  0.0197767799
  4.07999991  0.0196317183
  4.08999991  0.0194880724
  4.09999991  0.0193458272
  4.10999991  0.0192049526
  4.11999991  0.0190654506
  4.12999991  0.0189273006
  4.13999991  0.0187904782
  4.14999991  0.0186549703
  4.15999991  0.0185207582
  4.16999991  0.0183878419
  4.17999991  0.018256184
  4.18999991  0.0181257788
  4.19999991  0.0179966207
  4.20999991  0.0178686853
  4.21999991  0.0177419484
  4.22999991  0.0176164249
  4.23999991  0.0174920661
  4.24999991  0.0173688888
  4.2599999  0.0172468632
  4.2699999  0.0171259667
  4.2799999  0.0170062031
  4.2899999  0.016887563
  4.2999999  0.016770009
  4.3099999  0.0166535542
  4.3199999  0.0165381723
  4.3299999  0.0164238578
  4.3399999  0.0163105863
  4.3499999  0.0161983596
  4.3599999  0.0160871516
  4.3699999  0.0159769735
  4.3799999  0.0158677935
  4.3899999  0.0157596022
  4.3999999  0.0156523939
  4.4099999  0.0155461594
  4.4199999  0.0154408789
  4.4299999  0.0153365441
  4.4399999  0.0152331539
  4.4499999  0.0151306925
  4.4599999  0.0150291431
  4.4699999  0.0149285027
  4.4799999  0.0148287556
  4.4899999  0.0147298998
  4.4999999  0.0146319156
  4.5099999  0.014534805
  4.5199999  0.0144385455
  4.5299999  0.0143431389
  4.5399999  0.0142485684
  4.5499999  0.0141548264
  4.5599999  0.0140619094
  4.5699999  0.0139697994
  4.5799999  0.0138784946
  4.5899999  0.0137879818
  4.5999999  0.0136982546
  4.6099999  0.0136093027
  4.6199999  0.013521125
  4.6299999  0.0134337066
  4.6399999  0.0133470363
  4.6499999  0.0132611085
  4.6599999  0.0131759241
  4.6699999  0.0130914615
  4.6799999  0.0130077227
  4.6899999  0.0129246973
  4.69999989  0.0128423675
  4.70999989  0.0127607474
  4.71999989  0.0126798109
  4.72999989  0.0125995568
  4.73999989  0.0125199834
  4.74999989  0.0124410748
  4.75999989  0.0123628318
  4.76999989  0.0122852396
  4.77999989  0.0122082981
  4.78999989  0.0121319941
  4.79999989  0.0120563306
  4.80999989  0.0119812869
  4.81999989  0.0119068705
  4.82999989  0.0118330683
  4.83999989  0.0117598727
  4.84999989  0.0116872839
  4.85999989  0.0116152887
  4.86999989  0.0115438805
  4.87999989  0.0114730612
  4.88999989  0.0114028177
  4.89999989  0.0113331463
  4.90999989  0.011264046
  4.91999989  0.0111954963
  4.92999989  0.0111275111
  4.93999989  0.011060068
  4.94999989  0.0109931773
  4.95999989  0.0109268155
  4.96999989  0.010860995
  4.97999989  0.0107956997
  4.98999989  0.010730925
  4.99999989  0.010666667
  5.00999989  0.0106029241
  5.01999989  0.0105396839
  5.02999989  0.0104769502
  5.03999989  0.0104147118
  5.04999989  0.010352964
  5.05999989  0.0102917031
  5.06999989  0.0102309225
  5.07999989  0.0101706287
  5.08999989  0.0101108003
  5.09999989  0.0100514409
  5.10999989  0.00999254223
  5.11999989  0.00993410789
  5.12999989  0.00987612765
  5.13999989  0.00981859869
  5.14999988  0.00976151165
  5.15999988  0.00970486746
  5.16999988  0.00964866332
  5.17999988  0.00959289173
  5.18999988  0.00953754708
  5.19999988  0.00948262656
  5.20999988  0.00942812924
  5.21999988  0.00937404855
  5.22999988  0.00932038356
  5.23999988  0.00926712024
  5.24999988  0.009214267
  5.25999988  0.00916181261
  5.26999988  0.00910975707
  5.27999988  0.00905809757
  5.28999988  0.00900682568
  5.29999988  0.00895593767
  5.30999988  0.00890543633
  5.31999988  0.00885531325
  5.32999988  0.0088055628
  5.33999988  0.00875618592
  5.34999988  0.00870717606
  5.35999988  0.00865853602
  5.36999988  0.00861025176
  5.37999988  0.00856232797
  5.38999988  0.0085147609
  5.39999988  0.00846754399
  5.40999988  0.00842067724
  5.41999988  0.00837415036
  5.42999988  0.00832797458
  5.43999988  0.00828213211
  5.44999988  0.00823662202
  5.45999988  0.00819145273
  5.46999988  0.00814660925
  5.47999988  0.00810209067
  5.48999988  0.00805789416
  5.49999988  0.00801402253
  5.50999988  0.00797047017
  5.51999988  0.0079272324
  5.52999988  0.0078843064
  5.53999988  0.00784168516
  5.54999988  0.00779937476
  5.55999988  0.00775736818
  5.56999988  0.00771566168
  5.57999988  0.00767425431
  5.58999988  0.00763314186
  5.59999987  0.00759232387
  5.60999987  0.00755179472
  5.61999987  0.00751155488
  5.62999987  0.00747159872
  5.63999987  0.00743192766
  5.64999987  0.00739253701
  5.65999987  0.00735342256
  5.66999987  0.00731458291
  5.67999987  0.00727601945
  5.68999987  0.00723772517
  5.69999987  0.00719969773
  5.70999987  0.00716193618
  5.71999987  0.00712443913
  5.72999987  0.00708720424
  5.73999987  0.00705022682
  5.74999987  0.00701350734
  5.75999987  0.00697704253
  5.76999987  0.00694083004
  5.77999987  0.00690486613
  5.78999987  0.00686915221
  5.79999987  0.00683368311
  5.80999987  0.00679845605
  5.81999987  0.00676347288
  5.82999987  0.00672873079
  5.83999987  0.00669422512
  5.84999987  0.00665995352
  5.85999987  0.00662591457
  5.86999987  0.00659211157
  5.87999987  0.0065585342
  5.88999987  0.00652518388
  5.89999987  0.00649206248
  5.90999987  0.00645916391
  5.91999987  0.00642648583
  5.92999987  0.00639403012
  5.93999987  0.00636179255
  5.94999987  0.00632977127
  5.95999987  0.00629796111
  5.96999987  0.00626636535
  5.97999987  0.00623498166
  5.98999987  0.00620380583
  5.99999987  0.00617284018
  6.00999987  0.00614207583
  6.01999987  0.00611152074
  6.02999987  0.00608116507
  6.03999986  0.00605101211
  6.04999986  0.00602105529
  6.05999986  0.00599129696
  6.06999986  0.00596173619
  6.07999986  0.00593236828
  6.08999986  0.00590319231
  6.09999986  0.00587420687
  6.10999986  0.00584541196
  6.11999986  0.00581680524
  6.12999986  0.00578838484
  6.13999986  0.00576014842
  6.14999986  0.00573209503
  6.15999986  0.00570422515
  6.16999986  0.00567653411
  6.17999986  0.00564902188
  6.18999986  0.00562168896
  6.19999986  0.00559452971
  6.20999986  0.00556754741
  6.21999986  0.00554073973
  6.22999986  0.00551410104
  6.23999986  0.00548763229
  6.24999986  0.00546133394
  6.25999986  0.00543520224
  6.26999986  0.0054092372
  6.27999986  0.00538343976
  6.28999986  0.00535780428
  6.29999986  0.00533233031
  6.30999986  0.00530701926
  6.31999986  0.00528186783
  6.32999986  0.00525687417
  6.33999986  0.00523203874
  6.34999986  0.00520736106
  6.35999986  0.00518283694
  6.36999986  0.00515846589
  6.37999986  0.00513424606
  6.38999986  0.00511018023
  6.39999986  0.00508626328
  6.40999986  0.00506249472
  6.41999986  0.00503887784
  6.42999986  0.00501540327
  6.43999986  0.00499207663
  6.44999986  0.00496889137
  6.45999986  0.00494585217
  6.46999986  0.00492295668
  6.47999986  0.00490019976
  6.48999985  0.00487758375
  6.49999985  0.00485510771
  6.50999985  0.00483276696
  6.51999985  0.00481056384
  6.52999985  0.00478849649
  6.53999985  0.00476656676
  6.54999985  0.00474476483
  6.55999985  0.0047230996
  6.56999985  0.00470156685
  6.57999985  0.00468016424
  6.58999985  0.0046588899
  6.59999985  0.00463774664
  6.60999985  0.00461672884
  6.61999985  0.00459584024
  6.62999985  0.00457507429
  6.63999985  0.00455443568
  6.64999985  0.00453392018
  6.65999985  0.00451352687
  6.66999985  0.00449325715
  6.67999985  0.00447311007
  6.68999985  0.00445307863
  6.69999985  0.0044331703
  6.70999985  0.00441337761
  6.71999985  0.00439370569
  6.72999985  0.00437415034
  6.73999985  0.0043547078
  6.74999985  0.0043353823
  6.75999985  0.0043161715
  6.76999985  0.00429707211
  6.77999985  0.00427808601
  6.78999985  0.00425921413
  6.79999985  0.00424045039
  6.80999985  0.00422179854
  6.81999985  0.00420325342
  6.82999985  0.00418481878
  6.83999985  0.0041664904
  6.84999985  0.00414826923
  6.85999985  0.00413015573
  6.86999985  0.00411214709
  6.87999985  0.00409424191
  6.88999985  0.00407644253
  6.89999985  0.00405874239
  6.90999985  0.00404114664
  6.91999985  0.00402365249
  6.92999985  0.00400625804
  6.93999984  0.00398896564
  6.94999984  0.0039717739
  6.95999984  0.00395467765
  6.96999984  0.00393768112
  6.97999984  0.00392077985
  6.98999984  0.00390397642
  6.99999984  0.00388726967
  7.00999984  0.0038706577
  7.01999984  0.00385413867
  7.02999984  0.00383771513
  7.03999984  0.00382138545
  7.04999984  0.00380514706
  7.05999984  0.00378899996
  7.06999984  0.00377294578
  7.07999984  0.00375698031
  7.08999984  0.00374110659
  7.09999984  0.00372532042
  7.10999984  0.00370962507
  7.11999984  0.00369401631
  7.12999984  0.00367849557
  7.13999984  0.00366306097
  7.14999984  0.00364771297
  7.15999984  0.00363245087
  7.16999984  0.00361727374
  7.17999984  0.0036021797
  7.18999984  0.0035871718
  7.19999984  0.00357224512
  7.20999984  0.00355740247
  7.21999984  0.00354264104
  7.22999984  0.003527962
  7.23999984  0.00351336325
  7.24999984  0.00349884525
  7.25999984  0.00348440754
  7.26999984  0.00347004777
  7.27999984  0.00345576828
  7.28999984  0.00344156534
  7.29999984  0.00342744245
  7.30999984  0.00341339633
  7.31999984  0.00339942628
  7.32999984  0.0033855309
  7.33999984  0.00337171299
  7.34999984  0.00335796975
  7.35999984  0.00334430118
  7.36999984  0.00333070588
  7.37999984  0.00331718477
  7.38999983  0.00330373716
  7.39999983  0.0032903607
  7.40999983  0.00327705821
  7.41999983  0.00326382782
  7.42999983  0.00325066577
  7.43999983  0.00323757581
  7.44999983  0.00322455584
  7.45999983  0.00321160609
  7.46999983  0.00319872515
  7.47999983  0.0031859135
  7.48999983  0.00317316996
  7.49999983  0.00316049384
  7.50999983  0.00314788606
  7.51999983  0.00313534452
  7.52999983  0.00312287039
  7.53999983  0.0031104611
  7.54999983  0.00309811782
  7.55999983  0.00308583984
  7.56999983  0.00307362693
  7.57999983  0.00306147792
  7.58999983  0.00304939352
  7.59999983  0.00303737278
  7.60999983  0.00302541407
  7.61999983  0.00301351785
  7.62999983  0.0030016853
  7.63999983  0.00298991384
  7.64999983  0.00297820418
  7.65999983  0.00296655514
  7.66999983  0.00295496602
  7.67999983  0.00294343893
  7.68999983  0.00293197152
  7.69999983  0.0029205624
  7.70999983  0.00290921413
  7.71999983  0.00289792251
  7.72999983  0.00288669034
  7.73999983  0.00287551646
  7.74999983  0.00286440015
  7.75999983  0.00285334119
  7.76999983  0.00284233865
  7.77999983  0.00283139251
  7.78999983  0.00282050208
  7.79999983  0.00280966829
  7.80999983  0.00279888928
  7.81999983  0.0027881648
  7.82999982  0.00277749627
  7.83999982  0.00276688157
  7.84999982  0.00275632187
  7.85999982  0.00274581391
  7.86999982  0.00273536071
  7.87999982  0.00272496065
  7.88999982  0.00271461256
  7.89999982  0.00270431666
  7.90999982  0.00269407295
  7.91999982  0.00268388074
  7.92999982  0.0026737405
  7.93999982  0.00266365128
  7.94999982  0.00265361145
  7.95999982  0.00264362381
  7.96999982  0.0026336844
  7.97999982  0.00262379671
  7.98999982  0.002613957
  7.99999982  0.00260416762
  8.00999982  0.00259442576
  8.01999982  0.00258473328
  8.02999982  0.00257508856
  8.03999982  0.00256549205
  8.04999982  0.00255594376
  8.05999982  0.00254644158
  8.06999982  0.00253698575
  8.07999982  0.00252757883
  8.08999982  0.00251821733
  8.09999982  0.00250890263
  8.10999982  0.00249963265
  8.11999982  0.00249040901
  8.12999982  0.00248123171
  8.13999982  0.00247209678
  8.14999982  0.0024630089
  8.15999982  0.00245396432
  8.16999982  0.00244496445
  8.17999982  0.00243600882
  8.18999982  0.00242709672
  8.19999982  0.00241822769
  8.20999982  0.00240940173
  8.21999982  0.00240061954
  8.22999982  0.00239187949
  8.23999982  0.00238318226
  8.24999982  0.00237452764
  8.25999982  0.00236591234
  8.26999982  0.00235734011
  8.27999981  0.00234881001
  8.28999981  0.00234031946
  8.29999981  0.00233186988
  8.30999981  0.00232346267
  8.31999981  0.00231509501
  8.32999981  0.00230676691
  8.33999981  0.0022984786
  8.34999981  0.00229023172
  8.35999981  0.00228202206
  8.36999981  0.00227385289
  8.37999981  0.00226572188
  8.38999981  0.00225763042
  8.39999981  0.00224957758
  8.40999981  0.00224156243
  8.41999981  0.0022335859
  8.42999981  0.00222564565
  8.43999981  0.00221774425
  8.44999981  0.0022098796
  8.45999981  0.00220205217
  8.46999981  0.00219426289
  8.47999981  0.00218650919
  8.48999981  0.00217879084
  8.49999981  0.0021711111
  8.50999981  0.00216346578
  8.51999981  0.00215585743
  8.52999981  0.00214828326
  8.53999981  0.00214074678
  8.54999981  0.002133244
  8.55999981  0.00212577562
  8.56999981  0.0021183433
  8.57999981  0.00211094468
  8.58999981  0.00210358163
  8.59999981  0.00209625089
  8.60999981  0.00208895597
  8.61999981  0.00208169451
  8.62999981  0.00207446652
  8.63999981  0.00206727271
  8.64999981  0.00206011073
  8.65999981  0.00205298199
  8.66999981  0.00204588602
  8.67999981  0.00203882328
  8.68999981  0.00203179355
  8.69999981  0.00202479448
  8.70999981  0.00201782819
  8.71999981  0.00201089419
  8.7299998  0.00200399226
  8.7399998  0.00199712169
  8.7499998  0.00199028226
  8.7599998  0.00198347395
  8.7699998  0.00197669702
  8.7799998  0.00196995004
  8.7899998  0.00196323442
  8.7999998  0.00195654982
  8.8099998  0.00194989413
  8.8199998  0.00194326934
  8.8299998  0.0019366745
  8.8399998  0.00193010939
  8.8499998  0.00192357448
  8.8599998  0.00191706847
  8.8699998  0.00191059161
  8.8799998  0.00190414412
  8.8899998  0.00189772659
  8.8999998  0.0018913361
  8.9099998  0.00188497509
  8.9199998  0.00187864277
  8.9299998  0.00187233864
  8.9399998  0.00186606249
  8.9499998  0.00185981454
  8.9599998  0.00185359421
  8.9699998  0.00184740209
  8.9799998  0.00184123736
  8.9899998  0.0018351
  8.9999998  0.0018289891
  9.0099998  0.00182290617
  9.0199998  0.00181685039
  9.0299998  0.00181082118
  9.0399998  0.00180481819
  9.0499998  0.00179884176
  9.0599998  0.00179289224
  9.0699998  0.00178696895
  9.0799998  0.00178107116
  9.0899998  0.00177519959
  9.0999998  0.00176935319
  9.1099998  0.001763533
  9.1199998  0.00175773832
  9.1299998  0.00175196904
  9.1399998  0.00174622504
  9.1499998  0.00174050538
  9.1599998  0.00173481194
  9.1699998  0.00172914272
  9.17999979  0.00172349773
  9.18999979  0.00171787755
  9.19999979  0.00171228218
  9.20999979  0.00170671069
  9.21999979  0.00170116318
  9.22999979  0.00169564026
  9.23999979  0.00169014086
  9.24999979  0.00168466533
  9.25999979  0.00167921321
  9.26999979  0.00167378426
  9.27999979  0.00166837919
  9.28999979  0.00166299752
  9.29999979  0.0016576388
  9.30999979  0.00165230312
  9.31999979  0.00164699016
  9.32999979  0.00164169989
  9.33999979  0.00163643269
  9.34999979  0.00163118783
  9.35999979  0.00162596545
  9.36999979  0.00162076448
  9.37999979  0.00161558634
  9.38999979  0.00161043008
  9.39999979  0.00160529652
  9.40999979  0.00160018415
  9.41999979  0.00159509343
  9.42999979  0.00159002401
  9.43999979  0.00158497612
  9.44999979  0.00157994954
  9.45999979  0.00157494507
  9.46999979  0.00156996108
  9.47999979  0.00156499793
  9.48999979  0.00156005584
  9.49999979  0.0015551347
  9.50999979  0.00155023346
  9.51999979  0.00154535386
  9.52999979  0.00154049417
  9.53999979  0.00153565483
  9.54999979  0.00153083622
  9.55999979  0.00152603656
  9.56999979  0.00152125796
  9.57999979  0.00151649927
  9.58999979  0.0015117607
  9.59999979  0.00150704144
  9.60999979  0.00150234126
  9.61999978  0.0014976611
  9.62999978  0.00149300024
  9.63999978  0.00148835904
  9.64999978  0.00148373634
  9.65999978  0.00147913377
  9.66999978  0.0014745498
  9.67999978  0.00146998456
  9.68999978  0.00146543769
  9.69999978  0.00146091025
  9.70999978  0.00145640131
  9.71999978  0.00145191073
  9.72999978  0.00144743865
  9.73999978  0.00144298529
  9.74999978  0.00143854973
  9.75999978  0.00143413288
  9.76999978  0.00142973313
  9.77999978  0.00142535257
  9.78999978  0.00142098909
  9.79999978  0.00141664329
  9.80999978  0.00141231563
  9.81999978  0.00140800517
  9.82999978  0.00140371297
  9.83999978  0.00139943727
  9.84999978  0.00139517982
  9.85999978  0.00139093865
  9.86999978  0.00138671538
  9.87999978  0.00138250873
  9.88999978  0.00137831963
  9.89999978  0.00137414692
  9.90999978  0.00136999142
  9.91999978  0.00136585229
  9.92999978  0.00136173003
  9.93999978  0.00135762414
  9.94999978  0.00135353499
  9.95999978  0.00134946223
  9.96999978  0.00134540597
  9.97999978  0.0013413655
  9.98999978  0.00133734166
  9.99999978  0.00133333315
